08062018,Oscar,(10,1),(3,9),(8,9),
08062018,Harry,(3,2),(3,4),(6,1),(9,4),
08062018,George,(8,4),(1,2),(10,10),(10,3),
08062018,George,(5,3),(9,4),(10,8),(4,4),
08062018,Harry,(4,8),(8,3),(10,9),
08062018,Muhammad,(4,9),(1,4),(3,1),(4,2),
08062018,Harry,(7,7),(1,3),(7,5),
08062018,Thomas,(8,8),(4,2),
08062018,Jack,(6,4),(4,2),(9,9),(1,3),
08062018,Harry,(4,9),(9,5),(1,8),(6,2),
08062018,Oscar,(4,5),(4,10),(7,7),(2,2),
08062018,George,(3,9),(9,3),(8,3),
08062018,Charlie,(1,10),(10,5),(1,5),
08062018,Noah,(6,9),(2,5),(1,6),
08062018,Noah,(3,2),(1,8),(8,5),
08062018,Charlie,(4,8),(8,6),(7,2),
08062018,Charlie,(10,9),(10,4),
