783331192257939561729
819297997911323659971
168325227644216713751
839812623517793159588
517221167849385965229
953293319734625238792
227225735545594591331
378897558519574794417
458489131529813283923
325834456546589595769
151972732512395988455
897658616482616138367
152871351782737832267
868355848789163262613
976614679598339435571
425697324717812174663
193677835975767465464
788393122819254639447
196131938152919336969
378279242956333648242
865389178684782856624
783331192257939561729
819297997911323659971
168325227644216713751
839812623517793159588
517221167849385965229
953293319734625238792
227225735545594591331
378897558519574794417
458489131529813283923
325834456546589595769
151972732512395988455
897658616482616138367
152871351782737832267
868355848789163262613
976614679598339435571
425697324717812174663
193677835975767465464
788393122819254639447
196131938152919336969
378279242956333648242
865389178684782856624
