81139443691184926710
62824749648662539788
64239195395869616550
93986172715352588283
88839638377571481650
41312258217942812667
64968792989826676960
66392444695346395224
87827683368835416340
34541564583764561183
77423968338226981530
21795539769763531428
58171538215629566820
85195771585341295751
32194749341888382330
55312352853473799973
36856612277699564750
95217294466879943773
36976256782922448390
49251698495695614784
81139443691184926710
62824749648662539788
64239195395869616550
93986172715352588283
88839638377571481650
41312258217942812667
64968792989826676960
66392444695346395224
87827683368835416340
34541564583764561183
77423968338226981530
21795539769763531428
58171538215629566820
85195771585341295751
32194749341888382330
55312352853473799973
36856612277699564750
95217294466879943773
36976256782922448390
49251698495695614784